0 1
1 0.999976
2 1.00009
3 1.00024
4 1.00041
5 1.00042
6 1.00223
7 1.00349
8 1.00346
9 1.00379
10 1.00839
11 1.00827
12 1.00862
13 1.00871
14 1.00871
15 1.00996
16 1.01
17 1.01003
18 1.01028
19 1.01089
20 1.01118
21 1.01136
22 1.01163
23 1.01212
24 1.0055
25 1.00545
26 1.00549
27 1.00568
28 1.00568
29 1.00559
30 1.00556
31 1.00672
32 1.00663
33 1.00688
34 1.00677
35 1.00681
36 1.00669
37 1.00653
38 1.00652
39 1.00664
40 1.00688
41 1.00687
42 1.00687
43 1.0071
44 1.00704
45 1.00743
46 1.00742
47 1.00714
48 1.00756
49 1.00755
50 1.0077
51 1.00739
52 1.00746
53 1.00745
54 1.00752
55 1.00744
56 1.00752
57 1.00739
58 1.0074
59 1.00737
60 1.00745
61 1.00736
62 1.00695
63 1.00692
64 1.00679
65 1.00681
66 1.00681
67 1.00771
68 1.00766
69 1.0076
70 1.00766
71 1.00763
72 1.00758
73 1.00777
74 1.00773
75 1.00773
76 1.00783
77 1.00788
78 1.00786
79 1.00812
80 1.00815
81 1.00798
82 1.00809
83 1.00829
84 1.00813
85 1.0081
86 1.00779
87 1.00785
88 1.00821
89 1.008
90 1.00677
91 1.00678
92 1.0045
93 1.00426
94 1.00415
95 1.00415
96 1.00399
97 1.00366
98 1.00224
99 1.00209
100 1.00213
101 1.0022
102 1.00133
103 1.00133
104 1.00156
105 1.0017
106 1.00162
107 1.00267
108 1.01157
109 1.01179
110 1.0117
111 1.01169
112 1.01181
113 1.01186
114 1.01188
115 0.982594
116 0.98253
117 0.98257
118 0.983021
119 0.982958
120 0.983055
121 0.983067
122 0.983038
123 0.98298
124 0.98301
125 0.983196
126 0.982975
127 0.983041
128 0.983036
129 0.982806
130 0.982865
131 0.982798
132 0.982887
133 0.982897
134 0.982968
135 0.983165
136 0.983054
137 0.983399
138 0.983276
139 0.983178
140 0.983316
141 0.983473
142 0.983557
143 0.983645
144 0.983901
145 0.983825
146 0.983754
147 0.983862
148 0.983858
149 0.983884
150 0.983943
151 0.983933
152 0.832493
153 0.832346
154 0.832366
155 0.832313
156 0.832277
157 0.832298
158 0.832282
159 0.832271
160 0.832304
161 0.832295
162 0.832341
163 0.832035
164 0.832022
165 0.831942
166 0.831821
167 0.831786
168 0.831794
169 0.831827
170 0.831792
171 0.831748
172 0.831682
173 0.831655
174 0.831665
175 0.831673
176 0.831947
177 0.831952
178 0.831946
179 0.832229
180 0.832218
181 0.832257
182 0.832448
183 0.832497
184 0.832607
185 0.832591
186 0.832566
187 0.832599
188 0.832757
189 0.832891
190 0.832911
191 0.832887
192 0.832885
193 0.832798
