0 1
1 0.999994
2 1.00006
3 1.00016
4 1.00016
5 1.00016
6 1.00062
7 1.00066
8 1.00071
9 1.00083
10 1.00159
11 1.00155
12 1.00072
13 1.00092
14 1.00092
15 1.0023
16 1.00228
17 1.00231
18 1.00249
19 1.00322
20 1.00352
21 1.00354
22 1.00369
23 1.00396
24 0.996725
25 0.996766
26 0.996725
27 0.996804
28 0.996801
29 0.996563
30 0.996592
31 0.997548
32 0.997509
33 0.997594
34 0.997535
35 0.997784
36 0.99775
37 0.997668
38 0.997621
39 0.997681
40 0.99797
41 0.997957
42 0.997918
43 0.998244
44 0.998091
45 0.998944
46 0.998942
47 0.998789
48 0.999089
49 0.999197
50 0.999268
51 0.998993
52 0.999074
53 0.999059
54 0.9991
55 0.998924
56 0.998963
57 0.9989
58 0.99891
59 0.99889
60 0.998939
61 0.998743
62 0.998406
63 0.998369
64 0.998273
65 0.998262
66 0.998262
67 0.998563
68 0.998525
69 0.99842
70 0.99852
71 0.998491
72 0.998393
73 0.998462
74 0.998444
75 0.998402
76 0.9985
77 0.99851
78 0.998505
79 0.998635
80 0.998754
81 0.998746
82 0.998795
83 0.998906
84 0.99871
85 0.998705
86 0.998658
87 0.998677
88 0.998855
89 0.998689
90 0.997421
91 0.997431
92 0.995703
93 0.99556
94 0.995521
95 0.995539
96 0.995495
97 0.994517
98 0.993483
99 0.99343
100 0.99354
101 0.993479
102 0.993057
103 0.992981
104 0.993073
105 0.993093
106 0.993057
107 0.994252
108 0.977577
109 0.977707
110 0.977773
111 0.977773
112 0.978035
113 0.978086
114 0.978146
115 0.959924
116 0.959861
117 0.95988
118 0.960119
119 0.960092
120 0.960211
121 0.960512
122 0.960489
123 0.960461
124 0.960478
125 0.96065
126 0.96044
127 0.960442
128 0.960443
129 0.960214
130 0.960265
131 0.96023
132 0.960299
133 0.96022
134 0.96044
135 0.960613
136 0.960497
137 0.960651
138 0.960544
139 0.96045
140 0.960654
141 0.960692
142 0.960862
143 0.960894
144 0.961004
145 0.960881
146 0.960918
147 0.960943
148 0.960919
149 0.960812
150 0.960839
151 0.960851
152 0.853705
153 0.85363
154 0.853656
155 0.853716
156 0.85376
157 0.853738
158 0.853742
159 0.853653
160 0.853676
161 0.853658
162 0.853733
163 0.85349
164 0.853542
165 0.853365
166 0.85336
167 0.853376
168 0.853385
169 0.85345
170 0.853467
171 0.85342
172 0.853401
173 0.85337
174 0.853354
175 0.853361
176 0.853377
177 0.853361
178 0.853348
179 0.853583
180 0.853592
181 0.85364
182 0.853777
183 0.853742
184 0.853625
185 0.853662
186 0.853653
187 0.853672
188 0.853778
189 0.853818
190 0.853805
191 0.853731
192 0.853729
193 0.853531
