0 1
1 0.999982
2 1.00002
3 1.00007
4 1.00025
5 1.00026
6 1.00161
7 1.00283
8 1.00275
9 1.00296
10 1.00678
11 1.00671
12 1.0079
13 1.00778
14 1.00778
15 1.00764
16 1.00771
17 1.00771
18 1.00777
19 1.00765
20 1.00763
21 1.0078
22 1.00792
23 1.00813
24 1.00881
25 1.00872
26 1.0088
27 1.0089
28 1.00891
29 1.00906
30 1.009
31 1.0092
32 1.00914
33 1.00931
34 1.00926
35 1.00905
36 1.00896
37 1.00888
38 1.00892
39 1.00898
40 1.00893
41 1.00894
42 1.00897
43 1.00887
44 1.00896
45 1.00849
46 1.00849
47 1.00836
48 1.00848
49 1.00836
50 1.00844
51 1.00841
52 1.00839
53 1.0084
54 1.00843
55 1.00852
56 1.00856
57 1.0085
58 1.0085
59 1.00849
60 1.00852
61 1.00863
62 1.00855
63 1.00856
64 1.00853
65 1.00856
66 1.00856
67 1.00916
68 1.00915
69 1.00919
70 1.00915
71 1.00915
72 1.0092
73 1.00932
74 1.0093
75 1.00934
76 1.00934
77 1.00938
78 1.00937
79 1.0095
80 1.00941
81 1.00925
82 1.00931
83 1.0094
84 1.00944
85 1.00941
86 1.00915
87 1.00919
88 1.00936
89 1.00932
90 1.00937
91 1.00937
92 1.00883
93 1.00874
94 1.00867
95 1.00865
96 1.00853
97 1.0092
98 1.00881
99 1.00872
100 1.00865
101 1.00877
102 1.00833
103 1.00841
104 1.00854
105 1.00866
106 1.00862
107 1.00847
108 1.03477
109 1.03486
110 1.0347
111 1.03469
112 1.03453
113 1.03453
114 1.03449
115 1.02362
116 1.02362
117 1.02364
118 1.02385
119 1.02382
120 1.02379
121 1.02348
122 1.02348
123 1.02345
124 1.02346
125 1.02347
126 1.02346
127 1.02353
128 1.02352
129 1.02353
130 1.02353
131 1.0235
132 1.02352
133 1.02362
134 1.02346
135 1.02348
136 1.02349
137 1.02368
138 1.02367
139 1.02366
140 1.02359
141 1.02371
142 1.02362
143 1.02368
144 1.02383
145 1.02388
146 1.02376
147 1.02385
148 1.02387
149 1.02401
150 1.02405
151 1.02402
152 0.975154
153 0.975067
154 0.975061
155 0.974929
156 0.974837
157 0.974887
158 0.974864
159 0.974953
160 0.974965
161 0.974975
162 0.974944
163 0.974862
164 0.974788
165 0.974895
166 0.97476
167 0.9747
168 0.9747
169 0.974664
170 0.974603
171 0.974605
172 0.97455
173 0.974553
174 0.974584
175 0.974585
176 0.974888
177 0.974913
178 0.97492
179 0.974983
180 0.97496
181 0.974951
182 0.975019
183 0.975116
184 0.975378
185 0.975317
186 0.975298
187 0.975315
188 0.97538
189 0.97549
190 0.975529
191 0.975585
192 0.975584
193 0.975709
