0 0
1 24.5842
2 28.956
3 30.2398
4 28.6344
5 27.6849
6 27.2426
7 26.2892
8 26.5154
9 26.9888
10 23.4087
11 25.3651
12 28.4447
13 30.7415
14 32.709
15 26.3359
16 28.459
17 28.0964
18 31.3864
19 32.3363
20 31.9546
21 26.066
22 30.2945
23 28.8011
24 31.2712
25 27.5198
26 28.1809
27 24.6261
28 27.2005
29 24.5329
30 27.5458
31 26.7503
32 27.6722
33 30.1753
34 29.9343
35 28.2095
36 30.8303
37 28.3864
38 31.8503
39 29.6909
40 27.8083
41 25.5063
42 28.8664
43 26.9587
44 26.6104
45 29.5429
46 26.5161
47 32.4748
48 33.2265
49 28.8861
50 29.2148
51 27.0013
52 31.0827
53 27.1948
54 32.3377
55 28.3111
56 35.3649
57 34.7075
58 28.1415
59 31.376
60 33.8213
61 28.2176
62 29.1343
63 31.1095
64 29.2271
65 31.1419
66 29.2218
67 31.6707
68 26.3748
69 30.6784
70 36.2786
71 32.0403
72 27.3267
73 32.0534
74 33.6718
75 28.5885
76 26.5142
77 31.049
78 28.2709
79 20.5317
80 20.9139
81 22.5246
82 24.2528
83 20.2673
84 23.392
85 20.7717
86 24.3549
87 26.7058
88 26.7497
89 30.0359
90 31.1586
91 25.9397
92 26.4729
93 26.1638
94 28.3803
95 25.6732
96 28.15
97 23.6815
98 31.879
99 30.2152
100 27.3099
101 25.0496
102 27.5503
103 27.5873
104 27.6098
105 27.6681
106 27.0893
107 19.7105
108 20.3534
109 27.0193
110 22.7538
111 25.3755
112 29.2982
113 27.3046
114 27.2368
115 12.7678
116 31.2862
117 31.0272
118 32.5464
119 33.4213
120 30.9291
121 29.6427
122 29.5786
123 31.3444
124 30.9389
125 27.8005
126 28.0842
127 27.309
128 26.7835
129 31.7729
130 25.7596
131 26.2888
132 26.6079
133 29.323
134 28.4814
135 25.5126
136 26.3449
137 27.2999
138 27.1445
139 30.5906
140 31.1421
141 29.2786
142 31.0785
143 30.5776
144 28.8757
145 27.492
146 29.5481
147 26.0209
148 21.9677
149 25.7692
150 25.2364
151 27.0827
152 10.4583
153 30.6066
154 32.2171
155 37.567
156 36.7747
157 34.0569
158 29.9859
159 29.7963
160 29.3412
161 31.0553
162 29.3372
163 28.6165
164 28.8531
165 28.3428
166 30.1113
167 26.8441
168 27.6854
169 35.3198
170 31.5127
171 37.5953
172 35.8467
173 37.7301
174 36.1055
175 32.2281
176 30.7671
177 32.6934
178 32.5731
179 30.1113
180 28.0997
181 30.4029
182 31.8765
183 31.9644
184 31.8213
185 32.0682
186 33.6432
187 30.5749
188 30.1143
189 28.9142
190 27.6218
191 28.3645
192 32.899
193 25.283
