0 1 0 0 0 1 0
1 1.0054 0.00502586 -2.44777 -0.00555342 1.05516 1.45402
2 1.01147 -0.0133911 9.1999 -0.0151748 1.06582 -25.5495
3 1.01596 -0.0407074 4.67574 -0.0138479 1.05451 -20.0959
4 1.00554 -0.005373 -6.64686 0.00216332 0.984598 -4.48813
5 1.00236 0.0142399 -0.75588 -0.00345463 0.997143 -1.44852
6 1.00093 0.0156368 -4.64957 -0.00753699 1.01014 -3.88867
7 1.001 -0.0104609 0.851281 0.00733299 0.996636 -7.63914
8 0.997886 0.0202658 -15.9377 -0.00577338 0.996332 -3.13547
9 1.00198 -0.0247383 -0.60883 0.0124331 1.00508 -2.61403
10 0.998301 0.0100979 -3.35249 0.00296742 1.00204 3.75427
11 1.00655 -0.0158552 3.90671 -5.68501e-05 1.00401 -10.0622
12 0.999287 -0.0113253 4.73071 0.0199143 1.00019 -16.533
13 1.00614 0.00913963 -7.56405 -0.016137 1.00287 0.74847
14 0.991048 0.00166664 -1.56905 0.00270717 1.00173 -2.74992
15 1.00249 -0.0155338 12.2032 -0.00258392 1.00004 -2.27743
16 0.991809 -0.00934944 12.0068 0.00662391 1.004 -17.5857
17 1.00678 -0.0159122 -2.46368 0.0111525 0.991551 4.90589
18 0.995553 -0.0182507 8.89175 0.0184864 1.00122 5.10405
19 1.00648 -0.00132828 2.46335 -0.00216072 1.00302 0.912479
20 0.99349 0.00352593 5.88477 -0.00247094 0.99907 1.79897
21 1.00903 0.0113258 -12.139 -0.00690211 0.997865 -2.77098
22 0.998537 -0.00855808 6.06683 0.00810281 1.00372 5.82891
23 1.00439 0.0119709 -0.25913 -0.0232167 0.999956 1.95282
24 0.992557 0.00571804 -1.41186 -0.00372065 0.999049 -0.168344
25 1.00473 0.0173225 -13.8042 -0.0222738 1.00816 9.31341
26 0.991038 0.0163494 -17.4597 -0.0146618 0.987349 14.735
27 0.99783 0.0181629 13.0814 -0.0203282 1.00391 16.9823
28 0.993345 0.0182684 -35.1389 -0.0275822 0.996736 -0.231068
29 0.994394 0.0160486 -40.2322 -0.000698232 0.983279 16.2506
30 1.00538 0.0291626 -15.8742 -0.0356693 1.01112 15.292
31 0.992569 0.00490761 6.89949 -0.0132638 1.00234 12.3294
32 1.00544 0.0204853 -7.45858 -0.0070145 1.00301 9.59751
33 0.992992 -0.0116173 13.4668 -0.00864221 1.00421 7.4943
34 0.999448 0.0283375 -15.907 -0.0100247 0.982644 18.1075
35 0.998124 0.0304832 -14.606 -0.0309093 1.00268 16.6983
36 0.973244 0.0674009 -34.7591 0.0506984 0.920479 16.8344
37 0.993696 -0.00265942 0.672681 0.0244554 0.981349 -5.6384
38 1.01525 -0.133883 48.34 0.0234979 1.01938 -27.7943
39 1.01638 -0.00519638 -9.0757 -0.0205953 1.02999 -12.5533
40 1.00415 -0.0233538 2.89382 0.000816087 1.02149 -14.4537
41 1.01069 -0.0266033 -10.1389 -0.0172242 1.09303 -34.362
42 1.01317 0.0159039 -4.86038 -0.0248552 0.990827 10.6675
43 0.992768 -0.00114174 8.88215 0.00890012 0.988021 0.833664
44 1.01719 0.0169735 -16.0493 -0.0187464 1.00238 3.37041
45 0.991746 0.0111073 2.95725 -0.00939175 0.994066 9.10441
46 0.99692 -0.001161 -31.7831 -0.0159207 1.01262 12.9995
47 1.01727 0.00754738 -8.5312 0.00544766 0.991842 -8.16617
48 1.00352 0.0127205 -19.0321 -0.00545246 1.00034 -10.5005
49 0.994878 -0.00841541 -12.4775 0.00978324 0.992741 -0.91923
50 0.996639 0.0132275 -21.2489 -0.0147129 0.99838 2.42481
51 1.00271 -0.015052 28.0131 0.0157627 1.00578 1.6195
52 0.991982 0.00439491 4.52391 -0.00529289 0.998128 -4.89971
53 1.0103 0.00834923 -0.65377 -0.0228782 1.00791 -1.02283
54 0.993353 -0.00200977 -3.82994 -0.00811665 1.00716 6.4465
55 0.997458 -0.000399018 14.6037 0.00731154 0.988394 -15.4717
56 1.00075 0.0233084 -18.0602 -0.011103 0.991213 16.1959
57 1.00031 0.0016098 -10.0131 -0.00314569 0.998821 -18.4748
58 1.00723 0.005867 -5.96332 -0.0103211 1.00514 -38.4431
59 0.984859 0.00965977 -1.78671 -0.00841988 0.988052 16.223
60 1.01583 0.00134316 -32.5811 -0.0229718 1.02147 21.8176
61 0.994148 0.0255686 -15.7717 -0.0168649 0.991144 30.0875
62 1.00854 0.0160667 -4.11218 -0.0125425 1.00436 11.0464
63 0.996325 0.0147829 -21.0985 -0.0153645 0.999548 3.4197
64 1.00242 0.0129852 -5.4381 -0.0194057 1.02219 -3.19633
65 0.996484 0.0309225 -16.2149 -0.0189928 0.991683 8.93063
66 0.986411 0.023584 -12.7578 -0.00573537 0.953534 42.1524
67 1.01476 0.00206738 -8.7424 -0.0204649 1.00531 4.73437
68 0.979934 -0.00152168 6.25302 -0.00790453 0.984888 17.7879
69 1.02652 -0.00305672 -4.58693 -0.015983 1.07217 -36.6152
70 0.986056 0.0225609 -3.34318 -0.0111924 0.987224 19.364
71 0.980438 0.0313801 -5.48432 -0.0227063 0.976244 28.501
72 0.999592 0.0188782 -8.41863 -0.0251805 0.944428 58.9594
73 1.03356 0.0210072 -24.686 0.000505707 0.989709 13.3082
74 0.986741 0.0497345 -30.5732 -0.022036 0.954704 36.9667
75 0.969045 -0.0553753 43.36 0.0456843 0.985842 -31.31
76 0.994105 0.0275978 7.14767 -0.0205022 1.05027 -0.86272
77 0.978771 0.0257656 8.51514 -0.0298374 1.04097 -9.8492
78 0.973511 -0.0464348 42.8596 -0.0623236 0.990623 38.577
79 0.985906 0.01446 -13.1584 -0.0372471 0.964089 33.5564
80 1.01801 0.0327019 -7.28965 0.0397727 1.00394 -53.9345
81 1.00261 -0.0127785 -4.51627 0.0588256 1.01013 -51.3921
82 1.00815 -0.0415529 19.0378 0.0740359 1.0174 -67.9528
83 1.00633 -0.0353828 -1.87462 0.0282363 1.04817 -25.0216
84 1.02794 0.0115916 -29.9295 0.0235526 1.03161 -26.2436
85 1.04179 -0.0192501 22.8833 -0.00817048 0.974373 -15.7747
86 1.00594 0.0170406 -2.42058 -0.0171841 1 -10.0425
87 1.02963 0.0164553 -48.1603 -0.0577758 1.02602 20.6242
88 1.0072 0.0282499 -23.733 -0.0348786 0.999028 8.90065
89 0.995144 0.0263447 -14.6658 -0.0313538 0.999301 27.7232
90 0.995423 0.00950832 -3.2966 -0.00437131 1.00077 -1.14207
91 0.993062 0.0210552 -8.89971 -0.0227558 1.00072 6.13373
92 0.989304 0.0162254 1.58951 -0.00637241 1.00369 7.45681
93 0.988175 0.0158741 4.23905 -0.0176142 1.00499 2.83435
94 1.0068 0.0333393 -22.4368 -0.00126264 0.934199 23.2834
95 0.995994 -0.0305794 14.5095 -0.0235531 0.974881 39.6991
96 1.00608 -0.00492937 -8.64402 -0.00093129 1.11721 -61.6646
97 0.985947 0.0415321 -10.7451 0.0206082 0.970908 -5.69508
98 0.988724 0.00272751 6.43096 0.00429487 0.989322 5.09169
99 0.992954 -0.00161781 1.51481 0.0118614 1.00901 -10.131
100 1.02087 0.00106792 -24.5531 -0.0301335 1.01578 17.7833
101 1.01184 0.0111101 -38.2192 -0.0323143 0.975866 49.7168
102 1.00582 0.00192337 1.59191 -0.0304111 1.02662 5.28794
103 0.998144 -0.0275036 23.0534 0.0447482 0.973127 -17.6069
104 1.0041 0.000416183 -9.15219 -0.0107198 0.958125 41.1415
105 0.962301 0.0455156 -10.1431 -0.0443072 0.981999 34.1998
106 1.02181 -0.0544922 20.8565 0.0633829 1.02718 -47.8444
107 1.00215 -0.0194981 8.82572 0.00239915 1.00282 -2.3935
108 0.980004 -0.0350037 35.5046 -0.0205599 1.02845 -20.6503
109 0.997658 0.00337219 1.42715 -0.0410172 0.979259 25.8856
110 1.00494 0.00697365 -16.6728 0.0241428 1.02 -8.82351
111 1.01136 -0.00477028 -13.9024 0.0425225 0.9889 -35.0226
112 1.01879 0.00748558 -20.3344 -0.00694668 1.01119 11.5098
113 1.00427 0.0277794 -28.5461 0.000243633 0.935282 38.5379
114 0.978666 0.00489063 -7.18697 0.00260341 0.934639 33.272
115 0.983638 0.0128101 10.3272 -0.0186656 0.990451 -5.13774
116 1.0097 0.00187836 -15.8735 -0.00646758 1.07292 -24.9819
117 0.993174 -0.0038837 28.9822 0.0135379 1.10223 -28.2187
118 1.00097 -0.00271568 7.63005 0.00685477 0.981247 2.89402
119 1.05153 -0.0158559 -16.8613 0.0223908 1.01036 -17.0544
120 0.990286 -0.00244293 1.41009 -0.00481833 0.979153 32.6493
121 0.992511 -0.0118034 10.6595 0.0127969 0.996387 -42.2839
122 0.999381 0.0227554 -5.10123 -0.0229493 0.992699 22.9165
123 0.998222 1.2207e-05 5.6066 -0.00292658 1.00613 4.6944
124 1.0079 0.00660553 4.03833 0.000870886 0.997759 3.52951
125 1.00609 0.0222078 -25.2387 -0.0161189 0.992379 1.51019
126 0.987656 -0.0220596 -6.94525 0.00308527 0.993352 -4.87131
127 0.993762 0.00185547 6.06149 -0.00890179 1.02368 -9.45081
128 0.995168 -0.0270729 23.4922 0.0463056 0.978427 -28.0544
129 0.978447 -0.0288961 27.4256 0.0430958 0.937088 29.1157
130 1.07238 0.0183018 -64.6137 -0.0443706 1.02275 8.015
131 0.999728 -0.0128953 -5.20345 0.0314652 1.09637 -91.5194
132 0.985139 -0.00965996 11.3529 -0.0043606 1.00766 -11.668
133 0.98549 -0.010899 7.68962 0.0254561 0.970227 23.1428
134 1.01338 -0.0170361 -4.65672 -0.0107064 1.015 6.26561
135 0.996757 -0.0178307 24.2216 0.0127306 0.989654 -10.442
136 1.01498 -0.020401 7.17316 0.0241799 1.01262 -16.0155
137 0.995057 -0.0166271 -4.20856 0.00613629 0.980664 2.5406
138 0.990647 0.00774384 7.95314 -0.00118056 0.997184 -9.6656
139 1.01378 -0.0108925 -2.27511 -0.00236786 1.02995 -24.9979
140 1.01033 -0.000483132 -24.0367 0.00963123 0.984807 -1.97357
141 1.00615 -0.0282923 0.008917 0.0301328 1.00038 -26.7146
142 0.988703 0.00616322 1.33807 -0.0105284 0.984899 9.44903
143 1.01894 0.0497398 -57.1232 -0.0539081 1.01327 40.9094
144 0.990837 0.015469 0.246472 -0.0125789 0.989428 11.1143
145 1.01309 -0.00753422 -18.2745 0.00140313 1.01849 -41.072
146 0.999535 -0.0329115 13.0616 0.0345633 0.992821 -18.5577
147 0.95815 -0.0284965 74.4134 0.0157605 0.984724 35.4436
148 1.02528 -0.0112404 -37.9163 -0.0228605 1.02852 -2.33439
149 1.01064 -0.0103399 -10.0535 0.0679682 0.961955 -30.4172
150 0.999112 0.0485336 -39.7447 -0.0454709 0.987354 54.3419
151 0.997988 0.0860604 -52.8739 -0.0762117 0.929572 83.6196
152 0.887488 -0.022113 87.6564 0.0147733 0.952364 -0.82624
153 1.00057 -0.0355184 12.7485 0.0263125 1.05192 -34.0323
154 0.958852 -0.0341153 46.0713 0.027572 1.07123 -53.6765
155 1.08225 0.00586582 -68.2565 0.0348879 1.05893 -78.1223
156 1.00567 0.0102992 -2.09347 -0.0443551 0.988895 28.9851
157 1.00948 0.0358423 -46.7243 -0.0427617 0.992217 35.7675
158 1.00136 -0.0242041 12.9722 0.0313888 0.999103 -14.8136
159 1.03791 0.105035 -88.1012 -0.0328544 0.982076 19.2716
160 0.949139 0.00144863 24.2387 -0.0297671 1.03512 -4.76958
161 1.01346 -0.0457947 15.219 0.0548959 0.990804 -36.642
162 0.985915 -0.0569939 47.3301 0.0445234 0.984268 -19.5655
163 1.0211 -0.0259907 -8.44003 -0.00540685 1.02664 -19.2689
164 0.997167 -0.0505892 27.9632 0.0508813 0.991988 -34.3108
165 0.999224 -0.0127228 -5.4311 -0.0179434 0.993601 9.1122
166 0.995209 -0.0480625 26.3678 0.00441827 1.02911 -25.338
167 0.957521 -0.00174101 16.3944 0.0661355 0.86909 28.563
168 1.02225 0.0602986 -38.5581 -0.102098 1.11055 0.364006
169 1.02862 -0.0150053 2.97165 0.0227164 0.972038 -0.377924
170 0.999784 0.0573896 -38.9439 -0.0436338 0.981637 29.1704
171 0.99344 -0.00126934 -2.59764 -0.023138 1.0653 -28.2526
172 1.02774 -0.034306 -7.92401 0.0460549 0.983954 -9.06114
173 1.00149 -0.023514 -12.2485 0.031242 0.999796 -0.143503
174 0.978101 0.0479897 -6.4568 -0.0414138 0.95946 65.034
175 1.01155 -0.0348801 -5.3669 0.0158025 1.00704 -23.3127
176 1.02206 -0.0129318 14.6895 0.00271289 1.02259 -28.586
177 0.984864 -0.00736198 17.9424 0.0599024 0.965523 -9.18692
178 0.990168 0.00341759 6.63955 -0.00933848 0.972633 27.8437
179 1.00529 -0.0209209 9.89261 0.00372233 0.995528 13.6783
180 1.00158 0.00368543 -9.5672 -0.00573866 1.04587 -14.8189
181 1.0097 0.0312045 -24.656 -0.0559403 1.01172 2.36271
182 0.991147 0.00620194 -15.8709 -0.00187342 0.993532 14.6865
183 1.00365 -0.00284481 -28.3876 0.0191672 0.984959 0.72137
184 1.01253 0.0087306 6.90291 -0.0161403 1.00555 22.0045
185 1.00761 -0.0166925 17.3926 0.0410888 1.00257 -25.578
186 0.960498 0.00413246 10.7022 -0.0330598 0.974367 14.8111
187 1.04066 -0.00796108 -17.7035 0.0216579 1.03217 -30.4459
188 0.984875 4.26964e-05 -12.5098 -0.00730045 0.983577 18.02
189 1.0019 -0.0178396 0.234069 0.00800662 1.00411 11.1515
190 1.03081 -0.01104 20.7889 -0.00719984 1.03431 -39.4668
191 0.983854 0.0337984 -42.7018 -0.0209122 0.986163 56.6615
192 1.00604 0.00405293 -19.074 0.00598296 0.998043 0.367551
193 1.00549 0.019939 -3.11066 -0.00438249 0.991957 -14.6636
