0 1
1 1.00542
2 1.01723
3 1.03474
4 1.04057
5 1.04266
6 1.04337
7 1.04458
8 1.04184
9 1.04452
10 1.04236
11 1.04962
12 1.04884
13 1.05547
14 1.04592
15 1.04891
16 1.04041
17 1.04761
18 1.04313
19 1.04984
20 1.04302
21 1.05251
22 1.051
23 1.05578
24 1.0479
25 1.05321
26 1.0438
27 1.0419
28 1.03611
29 1.02857
30 1.03551
31 1.02929
32 1.03278
33 1.02916
34 1.025
35 1.02382
36 0.97128
37 0.962099
38 0.990096
39 1.0092
40 1.01636
41 1.03418
42 1.04888
43 1.03985
44 1.05777
45 1.04885
46 1.0496
47 1.06399
48 1.06616
49 1.06038
50 1.05729
51 1.06026
52 1.05219
53 1.06608
54 1.062
55 1.05725
56 1.05489
57 1.0555
58 1.06411
59 1.04793
60 1.07057
61 1.06182
62 1.06957
63 1.06626
64 1.07324
65 1.06504
66 1.03995
67 1.06048
68 1.04332
69 1.08483
70 1.06551
71 1.04074
72 1.03222
73 1.04979
74 1.01893
75 0.99536
76 0.996593
77 0.990177
78 1.01436
79 1.00458
80 0.985871
81 0.971279
82 0.969911
83 0.98603
84 1.00135
85 1.04281
86 1.0483
87 1.09563
88 1.10518
89 1.10362
90 1.0976
91 1.09323
92 1.08113
93 1.07468
94 1.04249
95 1.05752
96 1.10133
97 1.04835
98 1.03329
99 1.02637
100 1.06019
101 1.07063
102 1.09943
103 1.07947
104 1.07323
105 1.0403
106 1.06225
107 1.07317
108 1.09507
109 1.10548
110 1.10035
111 1.08578
112 1.10345
113 1.07122
114 1.03175
115 1.01958
116 1.05018
117 1.07463
118 1.06633
119 1.10421
120 1.09351
121 1.08613
122 1.0837
123 1.08584
124 1.08728
125 1.08638
126 1.08453
127 1.09159
128 1.07171
129 1.03101
130 1.10527
131 1.12247
132 1.11926
133 1.0917
134 1.11972
135 1.11676
136 1.13142
137 1.12735
138 1.11533
139 1.14036
140 1.14201
141 1.1475
142 1.13572
143 1.15935
144 1.14708
145 1.16645
146 1.16413
147 1.12739
148 1.17181
149 1.14898
150 1.14578
151 1.12702
152 1.01957
153 1.03597
154 1.02204
155 1.08339
156 1.10122
157 1.11108
158 1.10894
159 1.10279
160 1.0869
161 1.09134
162 1.08275
163 1.12087
164 1.11788
165 1.12899
166 1.14959
167 1.05844
168 1.11476
169 1.13159
170 1.12296
171 1.14372
172 1.16008
173 1.15849
174 1.12754
175 1.1483
176 1.1782
177 1.13517
178 1.12371
179 1.13478
180 1.14382
181 1.16658
182 1.15483
183 1.14829
184 1.1646
185 1.16267
186 1.13144
187 1.17035
188 1.15548
189 1.16222
190 1.2062
191 1.18191
192 1.183
193 1.18002
