0 0
1 -0.000760447
2 -0.0288709
3 -0.0816946
4 -0.0852641
5 -0.0745046
6 -0.0665099
7 -0.0695982
8 -0.0550141
9 -0.0673274
10 -0.0542224
11 -0.0701036
12 -0.0614699
13 -0.0685618
14 -0.0639131
15 -0.082122
16 -0.08432
17 -0.090096
18 -0.0893022
19 -0.0931658
20 -0.0914781
21 -0.0881962
22 -0.088131
23 -0.0997567
24 -0.0972985
25 -0.102088
26 -0.100404
27 -0.102742
28 -0.112369
29 -0.0957039
30 -0.102925
31 -0.113004
32 -0.0993029
33 -0.121683
34 -0.0996159
35 -0.101317
36 0.0350653
37 0.0599792
38 -0.0464363
39 -0.0734946
40 -0.0982388
41 -0.151236
42 -0.15647
43 -0.147816
44 -0.146782
45 -0.145581
46 -0.165989
47 -0.147138
48 -0.139244
49 -0.137361
50 -0.139259
51 -0.139343
52 -0.141733
53 -0.155157
54 -0.168911
55 -0.159557
56 -0.144882
57 -0.145894
58 -0.149467
59 -0.149365
60 -0.17146
61 -0.162077
62 -0.157098
63 -0.159079
64 -0.174112
65 -0.161152
66 -0.126936
67 -0.136803
68 -0.147663
69 -0.188344
70 -0.179736
71 -0.170039
72 -0.136108
73 -0.0903702
74 -0.046698
75 -0.0659448
76 -0.0995451
77 -0.148092
78 -0.235073
79 -0.232471
80 -0.176313
81 -0.152565
82 -0.13638
83 -0.168497
84 -0.143775
85 -0.124042
86 -0.120464
87 -0.148661
88 -0.147586
89 -0.154111
90 -0.154963
91 -0.162157
92 -0.168123
93 -0.183286
94 -0.101509
95 -0.112143
96 -0.205173
97 -0.158584
98 -0.15551
99 -0.16427
100 -0.174344
101 -0.152208
102 -0.183387
103 -0.152386
104 -0.116363
105 -0.134066
106 -0.134795
107 -0.144237
108 -0.215705
109 -0.219954
110 -0.216853
111 -0.176903
112 -0.170255
113 -0.0939441
114 -0.0504414
115 -0.0594094
116 -0.114786
117 -0.202397
118 -0.182679
119 -0.144708
120 -0.139013
121 -0.141771
122 -0.136151
123 -0.144496
124 -0.131878
125 -0.116818
126 -0.131255
127 -0.160825
128 -0.135958
129 -0.0919363
130 -0.0682658
131 -0.13336
132 -0.160178
133 -0.138482
134 -0.157213
135 -0.155068
136 -0.150784
137 -0.14782
138 -0.147802
139 -0.168424
140 -0.143653
141 -0.138366
142 -0.139157
143 -0.13815
144 -0.135118
145 -0.143169
146 -0.137073
147 -0.165724
148 -0.192792
149 -0.115406
150 -0.105288
151 -0.0455686
152 -0.106155
153 -0.150227
154 -0.236174
155 -0.192712
156 -0.205341
157 -0.196901
158 -0.190361
159 -0.101729
160 -0.190677
161 -0.166661
162 -0.173891
163 -0.199898
164 -0.196179
165 -0.217277
166 -0.273489
167 -0.158974
168 -0.240116
169 -0.197919
170 -0.175147
171 -0.241977
172 -0.203223
173 -0.195964
174 -0.178268
175 -0.190007
176 -0.198333
177 -0.142265
178 -0.137145
179 -0.146097
180 -0.171924
181 -0.19317
182 -0.191251
183 -0.166312
184 -0.16777
185 -0.145211
186 -0.178134
187 -0.162435
188 -0.167631
189 -0.176984
190 -0.193651
191 -0.184407
192 -0.171399
193 -0.150502
