0 0
1 -0.00552354
2 -0.0208186
3 -0.0351981
4 -0.0323105
5 -0.0356014
6 -0.0434709
7 -0.0359512
8 -0.0417026
9 -0.0294085
10 -0.0265564
11 -0.0265347
12 -0.00663436
13 -0.0226489
14 -0.0201634
15 -0.0226833
16 -0.0162825
17 -0.00495895
18 0.0135797
19 0.0113867
20 0.00896346
21 0.00202396
22 0.010149
23 -0.0130084
24 -0.0168424
25 -0.0390619
26 -0.0537137
27 -0.0744008
28 -0.102342
29 -0.102069
30 -0.138017
31 -0.152542
32 -0.159479
33 -0.169404
34 -0.177189
35 -0.208917
36 -0.149512
37 -0.123472
38 -0.0995001
39 -0.120777
40 -0.121701
41 -0.147748
42 -0.168858
43 -0.159308
44 -0.175413
45 -0.18534
46 -0.203512
47 -0.193697
48 -0.198807
49 -0.188608
50 -0.203634
51 -0.18855
52 -0.194992
53 -0.216587
54 -0.227174
55 -0.218184
56 -0.227865
57 -0.230604
58 -0.240149
59 -0.249519
60 -0.272037
61 -0.288892
62 -0.300494
63 -0.31677
64 -0.341247
65 -0.360208
66 -0.357247
67 -0.372074
68 -0.380547
69 -0.408536
70 -0.422192
71 -0.445327
72 -0.447915
73 -0.434554
74 -0.449711
75 -0.40779
76 -0.449816
77 -0.503609
78 -0.546796
79 -0.568403
80 -0.542767
81 -0.498888
82 -0.436044
83 -0.422771
84 -0.406756
85 -0.386957
86 -0.401966
87 -0.449969
88 -0.480135
89 -0.512174
90 -0.520107
91 -0.54585
92 -0.561435
93 -0.586284
94 -0.563213
95 -0.561824
96 -0.609248
97 -0.601561
98 -0.599769
99 -0.598645
100 -0.616588
101 -0.62476
102 -0.654498
103 -0.603102
104 -0.588949
105 -0.644458
106 -0.588024
107 -0.580747
108 -0.606285
109 -0.626275
110 -0.619944
111 -0.578991
112 -0.58256
113 -0.558396
114 -0.537335
115 -0.557704
116 -0.590303
117 -0.629288
118 -0.614366
119 -0.576105
120 -0.573658
121 -0.562848
122 -0.582772
123 -0.588439
124 -0.585193
125 -0.596867
126 -0.590424
127 -0.610847
128 -0.562096
129 -0.502068
130 -0.518297
131 -0.532754
132 -0.543381
133 -0.514343
134 -0.518911
135 -0.501821
136 -0.477833
137 -0.463549
138 -0.468711
139 -0.474755
140 -0.456683
141 -0.424773
142 -0.433218
143 -0.483213
144 -0.495971
145 -0.495448
146 -0.458368
147 -0.450407
148 -0.467406
149 -0.389969
150 -0.431877
151 -0.484696
152 -0.49617
153 -0.489378
154 -0.507227
155 -0.474039
156 -0.503996
157 -0.53755
158 -0.506988
159 -0.533309
160 -0.594314
161 -0.531975
162 -0.48312
163 -0.483999
164 -0.430881
165 -0.441238
166 -0.441938
167 -0.345621
168 -0.465013
169 -0.421807
170 -0.461279
171 -0.507388
172 -0.446346
173 -0.415838
174 -0.452422
175 -0.431583
176 -0.427392
177 -0.36698
178 -0.369711
179 -0.360544
180 -0.38049
181 -0.4327
182 -0.436279
183 -0.412732
184 -0.424942
185 -0.386033
186 -0.420769
187 -0.398979
188 -0.404793
189 -0.396112
190 -0.401633
191 -0.425836
192 -0.418563
193 -0.420495
