0 0
1 1.45402
2 -23.9626
3 -45.4576
4 -49.2186
5 -50.5477
6 -54.9842
7 -62.4439
8 -65.3542
9 -68.5057
10 -64.9374
11 -75.2589
12 -92.1001
13 -91.468
14 -94.4239
15 -96.6555
16 -114.665
17 -108.708
18 -103.611
19 -103.049
20 -101.205
21 -103.937
22 -98.3922
23 -96.8908
24 -97.035
25 -88.8737
26 -73.0257
27 -55.9599
28 -55.833
29 -38.6191
30 -20.783
31 -7.16503
32 3.06514
33 11.4485
34 30.2318
35 50.1878
36 57.1368
37 46.8982
38 16.6502
39 6.72211
40 -7.68023
41 -40.8309
42 -26.7332
43 -26.7369
44 -21.1765
45 -10.643
46 4.37015
47 -4.73746
48 -14.271
49 -17.0174
50 -11.4944
51 -13.5585
52 -17.3641
53 -14.0441
54 -6.08577
55 -22.9574
56 -4.49449
57 -22.3199
58 -58.6605
59 -39.8634
60 -13.8143
61 20.74
62 35.2912
63 42.9712
64 46.5089
65 60.8167
66 101.962
67 113.873
68 132.608
69 110.752
70 132.487
71 165.434
72 223.489
73 234.328
74 268.736
75 216.278
76 233.246
77 242.628
78 297.806
79 330.474
80 267.166
81 202.615
82 117.58
83 90.5982
84 60.6769
85 45.9159
86 41.1283
87 80.6903
88 102.275
89 142.154
90 142.87
91 158.213
92 168.824
93 179.455
94 191.414
95 235.781
96 202.117
97 182.212
98 183.636
99 170.54
100 202.631
101 260.961
102 287.149
103 241.269
104 277.06
105 326.399
106 259.876
107 257.157
108 252.834
109 290.005
110 277.33
111 221.523
112 238.543
113 261.53
114 276.44
115 277.671
116 275.918
117 269.398
118 264.159
119 239.921
120 269.915
121 220.496
122 252.595
123 260.214
124 262.757
125 269.704
126 261.547
127 262.657
128 206.66
129 202.849
130 234.6
131 149.231
132 141.023
133 146.9
134 160.719
135 142.076
136 115.992
137 113.261
138 103.864
139 83.1221
140 75.1287
141 32.6806
142 47.1995
143 116.817
144 134.061
145 94.6571
146 54.5095
147 79.7468
148 91.0486
149 19.8948
150 99.6858
151 222.278
152 201.311
153 164.809
154 109.479
155 22.9692
156 75.1154
157 133.081
158 99.8839
159 136.187
160 156.211
161 84.4483
162 36.226
163 20.9642
164 -43.2234
165 -23.8701
166 -52.3762
167 -51.9808
168 -7.27399
169 -19.7883
170 33.9917
171 21.7406
172 -15.043
173 -34.5386
174 58.0833
175 25.2775
176 -4.47709
177 -51.9085
178 -16.9165
179 -5.3991
180 -17.0581
181 18.9099
182 34.6644
183 22.4922
184 55.5377
185 2.25631
186 39.0406
187 -3.78007
188 19.215
189 25.0386
190 -8.69708
191 62.2429
192 58.2461
193 46.3229
