0 1
1 1.05517
2 1.1241
3 1.18329
4 1.16497
5 1.1621
6 1.17431
7 1.17027
8 1.16671
9 1.1723
10 1.1751
11 1.17932
12 1.17984
13 1.18319
14 1.18534
15 1.18491
16 1.18962
17 1.17961
18 1.18125
19 1.18487
20 1.18376
21 1.18125
22 1.18569
23 1.18578
24 1.1847
25 1.19443
26 1.17956
27 1.1842
28 1.17963
29 1.16188
30 1.1744
31 1.17553
32 1.18166
33 1.18233
34 1.16622
35 1.16961
36 1.10025
37 1.08324
38 1.09268
39 1.12212
40 1.1429
41 1.24031
42 1.22815
43 1.21513
44 1.21836
45 1.21147
46 1.22209
47 1.21633
48 1.21862
49 1.21024
50 1.20797
51 1.21512
52 1.21238
53 1.21869
54 1.22393
55 1.21208
56 1.20533
57 1.20359
58 1.20874
59 1.19447
60 1.21325
61 1.20586
62 1.21284
63 1.21187
64 1.23399
65 1.22954
66 1.18455
67 1.18506
68 1.16254
69 1.23047
70 1.21985
71 1.19626
72 1.13922
73 1.14581
74 1.1134
75 1.09172
76 1.13905
77 1.16895
78 1.09714
79 1.05358
80 1.09582
81 1.12731
82 1.16138
83 1.20615
84 1.25914
85 1.22714
86 1.22833
87 1.24268
88 1.24083
89 1.2367
90 1.2388
91 1.23661
92 1.24177
93 1.24097
94 1.20328
95 1.1509
96 1.24215
97 1.24804
98 1.23857
99 1.24932
100 1.25423
101 1.22682
102 1.23369
103 1.22201
104 1.18248
105 1.15525
106 1.19138
107 1.18519
108 1.16981
109 1.13225
110 1.16583
111 1.18187
112 1.19812
113 1.15921
114 1.10087
115 1.08559
116 1.14179
117 1.22156
118 1.20917
119 1.24099
120 1.21508
121 1.20997
122 1.20371
123 1.20656
124 1.21175
125 1.21127
126 1.19048
127 1.20326
128 1.19488
129 1.14037
130 1.16756
131 1.26059
132 1.2549
133 1.23052
134 1.2338
135 1.22059
136 1.23884
137 1.21338
138 1.21157
139 1.23725
140 1.22927
141 1.23242
142 1.21263
143 1.22966
144 1.21864
145 1.23656
146 1.23097
147 1.19986
148 1.21701
149 1.20755
150 1.19722
151 1.13713
152 1.06282
153 1.10191
154 1.1483
155 1.24124
156 1.21498
157 1.20801
158 1.21182
159 1.24631
160 1.24242
161 1.2456
162 1.22151
163 1.23679
164 1.22987
165 1.20876
166 1.21606
167 1.09926
168 1.19133
169 1.17384
170 1.16385
171 1.20933
172 1.20757
173 1.21167
174 1.17078
175 1.17172
176 1.19357
177 1.17855
178 1.14664
179 1.13645
180 1.18106
181 1.18498
182 1.17878
183 1.17199
184 1.17671
185 1.19149
186 1.14604
187 1.19027
188 1.16786
189 1.16823
190 1.20004
191 1.18913
192 1.19283
193 1.19285
