0 1
1 1.06089
2 1.14347
3 1.2244
4 1.21223
5 1.21168
6 1.22525
7 1.22244
8 1.21553
9 1.22449
10 1.22487
11 1.23784
12 1.23747
13 1.24882
14 1.23978
15 1.24286
16 1.23769
17 1.23577
18 1.2322
19 1.24392
20 1.23469
21 1.24327
22 1.24616
23 1.25192
24 1.24145
25 1.25798
26 1.23123
27 1.23382
28 1.22223
29 1.19507
30 1.2161
31 1.20997
32 1.22039
33 1.21681
34 1.19538
35 1.19746
36 1.06865
37 1.04218
38 1.08186
39 1.13244
40 1.1616
41 1.2827
42 1.28818
43 1.26356
44 1.28874
45 1.27065
46 1.2827
47 1.29416
48 1.29924
49 1.28331
50 1.27718
51 1.28834
52 1.27565
53 1.29923
54 1.29981
55 1.28146
56 1.27149
57 1.27039
58 1.28623
59 1.25172
60 1.29888
61 1.2804
62 1.29722
63 1.29217
64 1.32436
65 1.30951
66 1.23187
67 1.25674
68 1.2129
69 1.33486
70 1.29977
71 1.24499
72 1.17592
73 1.20286
74 1.13447
75 1.08666
76 1.13517
77 1.15747
78 1.11289
79 1.0584
80 1.08033
81 1.09494
82 1.12644
83 1.1893
84 1.26084
85 1.27967
86 1.28765
87 1.36153
88 1.37134
89 1.36486
90 1.35971
91 1.3519
92 1.34252
93 1.33364
94 1.25441
95 1.2171
96 1.36802
97 1.30838
98 1.2798
99 1.28226
100 1.32972
101 1.31347
102 1.35635
103 1.31912
104 1.26907
105 1.20181
106 1.26555
107 1.2719
108 1.28102
109 1.25169
110 1.28282
111 1.28325
112 1.32206
113 1.24177
114 1.13583
115 1.10685
116 1.19909
117 1.31272
118 1.28937
119 1.37032
120 1.3287
121 1.31419
122 1.30447
123 1.31013
124 1.31752
125 1.31591
126 1.29111
127 1.31347
128 1.28057
129 1.17573
130 1.29047
131 1.41497
132 1.40456
133 1.34336
134 1.38151
135 1.3631
136 1.40165
137 1.3679
138 1.3513
139 1.41091
140 1.40384
141 1.41421
142 1.37721
143 1.42561
144 1.39789
145 1.44238
146 1.433
147 1.3527
148 1.42611
149 1.38745
150 1.37175
151 1.28157
152 1.08362
153 1.14154
154 1.17361
155 1.34475
156 1.33797
157 1.34219
158 1.34383
159 1.37441
160 1.35038
161 1.35937
162 1.32259
163 1.38628
164 1.37485
165 1.36468
166 1.39796
167 1.16351
168 1.32805
169 1.32831
170 1.30696
171 1.38314
172 1.40088
173 1.40371
174 1.3201
175 1.34548
176 1.40627
177 1.33785
178 1.28849
179 1.28961
180 1.35093
181 1.38237
182 1.36129
183 1.34578
184 1.3704
185 1.38532
186 1.29667
187 1.39303
188 1.34943
189 1.35774
190 1.44749
191 1.40543
192 1.41112
193 1.40758
