0 0
1 14.1861
2 11.234
3 13.9941
4 14.9907
5 15.7582
6 14.9996
7 15.4574
8 15.2009
9 15.0737
10 15.9286
11 15.8546
12 14.7
13 14.7145
14 14.6575
15 13.9365
16 15.6009
17 14.4364
18 15.3808
19 15.1444
20 14.6561
21 14.5461
22 15.0819
23 15.7098
24 15.1421
25 15.6112
26 14.0705
27 14.3642
28 14.3405
29 15.1098
30 14.0865
31 15.6979
32 17.0974
33 15.7089
34 14.7667
35 13.2326
36 12.8518
37 15.9244
38 9.18941
39 14.2148
40 14.2809
41 14.1577
42 15.6725
43 15.3926
44 16.2245
45 15.2889
46 14.4726
47 13.985
48 14.9272
49 13.7103
50 14.0301
51 14.1232
52 13.6361
53 12.8552
54 12.6008
55 13.5694
56 13.9058
57 14.2741
58 13.752
59 13.5805
60 13.603
61 13.1696
62 13.8355
63 13.2685
64 13.1477
65 12.0824
66 8.83436
67 13.5532
68 14.0819
69 9.17989
70 12.8709
71 11.9366
72 8.56934
73 13.5679
74 10.1978
75 9.49315
76 13.9644
77 12.6488
78 12.4418
79 12.9269
80 13.7253
81 12.9126
82 12.9341
83 13.5157
84 12.1999
85 12.9261
86 13.4334
87 14.0578
88 12.6007
89 13.3594
90 14.4567
91 14.1388
92 13.9039
93 12.8714
94 12.2216
95 12.8391
96 7.25883
97 14.5668
98 14.7873
99 13.5342
100 13.7518
101 14.3583
102 14.4492
103 10.1504
104 13.5896
105 12.8107
106 11.2885
107 13.9059
108 13.678
109 12.076
110 12.5609
111 14.8878
112 14.4149
113 12.6502
114 12.9639
115 13.8358
116 13.2955
117 6.74205
118 11.4962
119 9.78674
120 13.6691
121 14.0112
122 13.6423
123 14.0058
124 13.95
125 15.0804
126 14.4367
127 13.6486
128 13.9942
129 9.32122
130 11.2117
131 11.1004
132 12.9805
133 11.6
134 13.0892
135 13.6418
136 14.3486
137 13.4653
138 12.9831
139 13.3189
140 13.1391
141 12.2956
142 12.5775
143 8.73064
144 13.4722
145 12.9662
146 13.1831
147 11.9437
148 13.5978
149 10.4136
150 11.9737
151 8.33831
152 10.882
153 12.949
154 10.089
155 9.1404
156 11.7366
157 9.43683
158 11.6654
159 13.049
160 11.2801
161 9.61268
162 9.99989
163 15.7546
164 11.421
165 14.0465
166 10.1476
167 7.0861
168 6.43588
169 10.5592
170 7.99226
171 9.32971
172 10.6541
173 11.2029
174 8.87573
175 11.4341
176 14.1376
177 10.1849
178 13.1999
179 13.7159
180 11.0118
181 10.0948
182 12.5822
183 13.8515
184 12.0815
185 8.90756
186 10.9426
187 8.69702
188 10.3028
189 9.6895
190 11.5972
191 12.0911
192 13.9224
193 12.9216
